5.364426
-2.775658
-2.537503
230.563004
353.490570
0.000000
5.364426
-2.775658
-2.537503
269.036652
353.490570
0.000000
5.364426
-2.775658
-2.537503
308.706726
353.490570
0.000000
6.586061
-3.210838
-2.503987
268.851440
317.641266
0.000000
4.874473
-2.727158
-2.053283
249.807724
350.097565
0.000000
4.854482
-2.725929
-2.531845
268.828979
350.535767
0.000000
4.864074
-2.733490
-3.009982
290.652771
348.770416
0.000000
0.000000
0.000000
0.000000
0.000000
0.000000
0.000000
0.000000
0.000000
0.000000
6.250000
0.000000
0.000000
